[
  [
    0.53456743771675974,
    0.58836555663055645,
    0.73625162313812464,
    0.94217127537234013,
    1.0,
    1.0,
    1.0,
    1.0,
    1.0,
    1.0,
    1.0,
    1.0,
    0.93245709684729161,
    0.65191037684221764,
    0.313880059853302,
    -0.040658058715052861,
    -0.3154501170397469,
    -0.44470253784185948,
    -0.46718558596065185,
    -0.44426003649795259
  ],
  [
    0.54070026238136148,
    0.59424804148780863,
    0.74146593742399558,
    0.94651773968587483,
    1.0,
    1.0,
    1.0,
    1.0,
    1.0,
    1.0,
    1.0,
    1.0,
    0.91420778127076607,
    0.64613736431184221,
    0.3167007345334768,
    -0.03759909994414927,
    -0.32670614376911289,
    -0.48546583179735031,
    -0.54256794656134422,
    -0.54709457653691584
  ],
  [
    0.55755883168713571,
    0.61043844022220173,
    0.75586997580732163,
    0.95859198400621,
    1.0,
    1.0,
    1.0,
    1.0,
    1.0,
    1.0,
    1.0,
    1.0,
    0.86589568890137136,
    0.62954403719755181,
    0.32141568176661545,
    -0.033579764443321579,
    -0.3614833744372708,
    -0.59868438183710415,
    -0.747365009910695,
    -0.82436886220561412
  ],
  [
    0.5810330562073599,
    0.63304481477008956,
    0.77614655629221863,
    0.9757991798093002,
    1.0,
    1.0,
    1.0,
    1.0,
    1.0,
    1.0,
    0.95844093334474079,
    0.92063488668990157,
    0.80442245161898318,
    0.60417514261611971,
    0.31847625349742642,
    -0.041712186249202775,
    -0.42190415947119636,
    -0.75997297912348782,
    -1.0,
    -1.0
  ],
  [
    0.60578456704634065,
    0.657002552089797,
    0.79795341930884978,
    0.99470850497215424,
    1.0,
    1.0,
    1.0,
    1.0,
    1.0,
    0.94641689221862635,
    0.87496806530086,
    0.84575570585657056,
    0.75085154513308161,
    0.57303370244246132,
    0.29693788814060268,
    -0.076921476971690786,
    -0.50888532999602321,
    -0.93710066855050533,
    -1.0,
    -1.0
  ],
  [
    0.62693065866672737,
    0.67765939289871713,
    0.81724874280771043,
    1.0,
    1.0,
    1.0,
    1.0,
    1.0,
    1.0,
    0.9222662819324261,
    0.84717321849893779,
    0.81819914314537767,
    0.722599370689577,
    0.53958853446226462,
    0.24982179479474195,
    -0.14847979939077038,
    -0.61943915107932024,
    -1.0,
    -1.0,
    -1.0
  ],
  [
    0.67580437920065406,
    0.7173898066065415,
    0.83296102641861425,
    0.99781547286554273,
    1.0,
    1.0,
    1.0,
    1.0,
    1.0,
    0.96917664353734112,
    0.90458185534698277,
    0.8671920080695158,
    0.74824001109454352,
    0.53203106778608722,
    0.20593678996603906,
    -0.22546108930732742,
    -0.72127342790124327,
    -1.0,
    -1.0,
    -1.0
  ],
  [
    0.7731477649627263,
    0.79128280606247925,
    0.845387369225528,
    0.93402593870050588,
    1.0,
    1.0,
    1.0,
    1.0,
    1.0,
    1.0,
    1.0,
    0.99272183060483243,
    0.83576232563134167,
    0.56866450951695524,
    0.19285752416779387,
    -0.27486789325809791,
    -0.78542653518338479,
    -1.0,
    -1.0,
    -1.0
  ],
  [
    0.88635048150205364,
    0.87561255908501934,
    0.85406898906690365,
    0.84901172271263037,
    0.89206384440373954,
    1.0,
    1.0,
    1.0,
    1.0,
    1.0,
    1.0,
    1.0,
    0.94868990069741255,
    0.62706997613653814,
    0.2003741179814468,
    -0.30054940652558859,
    -0.81763028225468692,
    -1.0,
    -1.0,
    -1.0
  ],
  [
    0.97580092573091937,
    0.94173821995564255,
    0.859092507240512,
    0.77838710770507458,
    0.75997257274715968,
    0.848084827282507,
    0.9964230198834203,
    1.0,
    1.0,
    1.0,
    1.0,
    1.0,
    1.0,
    0.67825153092677426,
    0.21354816477316407,
    -0.31072758425304331,
    -0.82957944968015929,
    -1.0,
    -1.0,
    -1.0
  ],
  [
    1.0,
    0.96669427771179894,
    0.86072378163842611,
    0.75114541858620132,
    0.70928049732215182,
    0.78824944503139693,
    0.94708591287543986,
    1.0,
    1.0,
    1.0,
    1.0,
    1.0,
    1.0,
    0.6983662197004179,
    0.21959992797049657,
    -0.31309159297961736,
    -0.83211593214815149,
    -1.0,
    -1.0,
    -1.0
  ],
  [
    1.0,
    0.96367520343207325,
    0.86590739483532675,
    0.76465869739440484,
    0.72557832641340381,
    0.797584962602409,
    0.94630413322195683,
    1.0,
    1.0,
    1.0,
    1.0,
    1.0,
    1.0,
    0.70320189081610718,
    0.23519128565517408,
    -0.28362419532324656,
    -0.79192748022434267,
    -1.0,
    -1.0,
    -1.0
  ],
  [
    0.99417233598547139,
    0.96275151971286332,
    0.88485966205207345,
    0.80292786798212956,
    0.76799940137524025,
    0.81829981115052963,
    0.93705289554860172,
    1.0,
    1.0,
    1.0,
    1.0,
    1.0,
    1.0,
    0.70652626080992487,
    0.27049360467597172,
    -0.20776032062933766,
    -0.68376190966508266,
    -1.0,
    -1.0,
    -1.0
  ],
  [
    1.0,
    0.98453382260147326,
    0.92595886831166152,
    0.85972526394048276,
    0.81962292400780723,
    0.83166877386122562,
    0.90195755013041656,
    1.0,
    1.0,
    1.0,
    1.0,
    1.0,
    0.99164198658613389,
    0.679976621045909,
    0.29601342529416597,
    -0.11820014545421217,
    -0.54037112814003574,
    -0.94516709880649241,
    -1.0,
    -1.0
  ],
  [
    1.0,
    1.0,
    0.99783119531892417,
    0.92642371762195885,
    0.85961310309206584,
    0.8157439546190981,
    0.82185787275414279,
    0.8859046254659757,
    0.97624574903643779,
    1.0,
    1.0,
    1.0,
    0.851091736471644,
    0.59149583131362926,
    0.27706817070947187,
    -0.054950939437281118,
    -0.40318732132923962,
    -0.76007235056713618,
    -1.0,
    -1.0
  ],
  [
    1.0,
    1.0,
    1.0,
    0.99401270630998573,
    0.8712870934537067,
    0.75538668257649988,
    0.68631435260305018,
    0.68618624718073706,
    0.72806306262231835,
    0.77453129372686824,
    0.7940904627321288,
    0.74806740854971432,
    0.61726326225635819,
    0.42170771165527449,
    0.1894745116527424,
    -0.049478067473197884,
    -0.3078029040485985,
    -0.59075333249263,
    -0.8489988250777919,
    -1.0
  ],
  [
    1.0,
    1.0,
    1.0,
    1.0,
    0.8727732915364147,
    0.68758584612707641,
    0.53467321203049689,
    0.44771363568717631,
    0.41312102945542545,
    0.4069665615516383,
    0.40775437731776842,
    0.37835159097915511,
    0.29529348220096369,
    0.17265879409670223,
    0.029804536537848723,
    -0.11333728369517063,
    -0.27900634708190558,
    -0.48083769289001821,
    -0.67637207118536824,
    -0.818407268212819
  ],
  [
    1.0,
    1.0,
    1.0,
    1.0,
    0.88609148416410266,
    0.652173522270432,
    0.41242941725284488,
    0.2178211902473339,
    0.078006903749093068,
    -0.0049360358455554278,
    -0.032280142390998065,
    -0.043742760318569766,
    -0.076013702415729092,
    -0.12332945851378271,
    -0.17783896327099838,
    -0.23160184106033929,
    -0.31615182181115559,
    -0.45126300853665574,
    -0.598207922648328,
    -0.71108054671377174
  ],
  [
    1.0,
    1.0,
    1.0,
    1.0,
    0.90474661844139481,
    0.64145460456574388,
    0.32524107787482476,
    0.025411170602824169,
    -0.22237081657513602,
    -0.38604465973951,
    -0.44327396242511058,
    -0.43850984992649333,
    -0.42526772912156757,
    -0.4063724282337739,
    -0.38556300098478169,
    -0.36640501627730065,
    -0.38824388273830468,
    -0.47476560528012712,
    -0.58853890163699218,
    -0.68262793062288107
  ],
  [
    1.0,
    1.0,
    1.0,
    1.0,
    0.92049570694666072,
    0.64268194849934746,
    0.27384572280009134,
    -0.10277265616277065,
    -0.43128554691045651,
    -0.65602381520384667,
    -0.73596690300744227,
    -0.71985662644397064,
    -0.67496388490804027,
    -0.61055552111816169,
    -0.53895892718813732,
    -0.47205490496549174,
    -0.45440759371909134,
    -0.51176674329890692,
    -0.606756444576217,
    -0.69081944655012661
  ]
]